5
5
5 5
7.5249483745629755 3.7222404487450973 0.5441463881656595 -0.08715906171401688 -0.47367868164687454 
3.7222404487450973 4.402007085939376 -0.8183248347662858 0.1311333122009898 0.7124335903603054 
0.5441463881656595 -0.8183248347662858 5.2754192773446835 1.1401007651664188 1.468303626151465 
-0.08715906171401722 0.13113331220098937 1.1401007651664192 5.177539332380343 3.854068627050277 
-0.4736786816468741 0.7124335903603054 1.468303626151465 3.854068627050277 5.619985929772625 
5 5
7.832404550268961 3.022780197188987 0.789195501109083 0.44203077411281533 -0.19341437201934933 
3.0227801971889865 5.784537710092196 -1.1005146600712905 -0.6164885675178411 0.26973893623816475 
0.7891955011090832 -1.100514660071291 6.805853735758164 -3.1893137498881523 0.8669749790237437 
0.44203077411281455 -0.6164885675178411 -3.1893137498881514 6.29123651982853 -1.112993739337609 
-0.19341437201934922 0.2697389362381647 0.8669749790237437 -1.1129937393376093 1.2858674840521458 
5 5
7.213860386543392 1.1135566925711886 2.846097743578184 1.2938353114873922 0.02450583357419608 
1.1135566925711886 9.554836693955929 -1.137511706361703 -0.5171033762205779 -0.009793994107949006 
2.846097743578184 -1.137511706361703 4.19423016079609 1.7987039482079725 0.07680510755561155 
1.2938353114873917 -0.5171033762205778 1.7987039482079725 6.032253415938417 0.1398276052491881 
0.02450583357419606 -0.009793994107949004 0.07680510755561155 0.13982760524918814 1.0047193427661707 
5 5
9.93125388535991 -0.7087434128278572 -0.20870955262215035 -0.009252704859822962 0.026792203920500707 
-0.7087434128278571 2.693054692604274 -2.1516731869095334 -0.09537774711399652 0.2762968674696507 
-0.2087095526221504 -2.1516731869095334 5.559996829835965 0.45163032712278534 2.8954295789266915 
-0.009252704859822993 -0.09537774711399652 0.45163032712278545 2.1915553394436778 1.1345934050925488 
0.026792203920500735 0.2762968674696508 2.8954295789266924 1.134593405092549 7.624039252756173 
5 5
9.98677148149991 0.2968271082169879 0.004136264899370035 0.09278314394219832 0.05674639672000997 
0.296827108216988 3.339567466235299 -0.09276225995717831 -2.0820216024382443 -1.2733576407837168 
0.004136264899370021 -0.09276225995717842 5.967208844904176 -2.28336914690357 -1.1625201505357858 
0.09278314394219835 -2.0820216024382447 -2.2833691469035706 6.596642556321062 2.266655931186964 
0.05674639672000999 -1.273357640783717 -1.1625201505357858 2.266655931186964 2.1097096510395543 
5 5
6.71234620421205 3.7170708873966993 -1.158838330092976 0.5997397364644751 -0.09684596098637331 
3.7170708873966993 5.7964237315121405 1.3100346596318138 -0.6776147749780613 0.10910468963323683 
-1.1588383300929759 1.3100346596318138 5.1510821979398855 -1.3447399304241603 1.2879390697860276 
0.599739736464475 -0.6776147749780616 -1.3447399304241605 6.218279163834221 -3.6590820379784024 
-0.09684596098637298 0.10910468963323677 1.2879390697860271 -3.6590820379784015 4.1208687025017054 
5 5
6.027701871568922 4.008807405425379 -0.8226118579112849 -0.025883180783118843 -0.5256488928573816 
4.008807405425379 5.953347826100564 0.8299944228196902 0.02654306610207717 0.5310463445813836 
-0.8226118579112849 0.8299944228196904 5.323163275480627 -1.175120808965392 -1.6784311035336263 
-0.0258831807831184 0.02654306610207706 -1.1751208089653924 4.772469422329468 3.716879405671535 
-0.5256488928573817 0.5310463445813829 -1.6784311035336261 3.716879405671535 5.922317604520415 
5 5
7.107527958265024 2.509151125241375 -1.126659423323017 0.3367615807269318 -0.14762552571240709 
2.5091511252413743 7.822370758478792 0.9769005033758529 -0.2923910667966227 0.1281351508140793 
-1.1266594233230172 0.9769005033758533 8.656237984756157 2.4827059909103744 -0.7264637316471073 
0.3367615807269318 -0.29239106679662247 2.482705990910374 3.3111182194375344 -0.36695181370901003 
-0.14762552571240706 0.12813515081407928 -0.7264637316471072 -0.36695181370901003 1.1017450790624954 
5 5
7.447741367289871 2.8885986666455126 -0.2406110668129073 -1.6070320163190714 -2.1982513544927227 
2.8885986666455126 6.7297379801194985 0.27230780320725095 1.8186249573265472 2.487597357965491 
-0.2406110668129073 0.27230780320725095 4.984716861303611 -0.031188722066651107 0.01685501675931667 
-1.6070320163190714 1.8186249573265476 -0.03118872206665112 2.9441707614621677 2.259170577999344 
-2.1982513544927236 2.487597357965491 0.016855016759316634 2.2591705779993445 5.892633029824851 
5 5
9.442841383720697 1.3864305095065432 1.1299931063873885 -0.6901274577068559 0.14691930307121812 
1.3864305095065432 6.549013790715256 -2.811669682021212 1.7169362896509504 -0.3654644187869275 
1.1299931063873883 -2.811669682021212 4.1667094519819745 -1.3339948247641191 0.6454520151196091 
-0.6901274577068559 1.7169362896509506 -1.3339948247641191 6.268922470611303 -1.5862918251580997 
0.1469193030712182 -0.3654644187869275 0.6454520151196093 -1.5862918251580997 1.5715129029707757 
5 5
6.090912092270654 -3.896419806548019 -0.10357816395939726 -1.405750122083229 0.7733463568089539 
-3.896419806548019 6.106210618636267 -0.1031585455227782 -1.3973708070643016 0.767108720114119 
-0.10357816395939726 -0.1031585455227782 4.9993425345579015 0.05780571466865406 -0.07226887781387081 
-1.405750122083229 -1.3973708070643016 0.05780571466865409 5.823699547135438 -3.946661641894994 
0.7733463568089541 0.7671087201141183 -0.07226887781387083 -3.946661641894994 4.969835207399742 
5 5
9.99782383865665 0.0627830425393378 -0.08554888265520665 -0.05030948207164735 0.05906778395340927 
0.0627830425393378 8.17868740425386 2.4671578194141377 1.4501031554949138 -1.7020058383837813 
-0.08554888265520665 2.4671578194141377 2.6470336775381362 -0.5616609385315631 0.08652624191609225 
-0.05030948207164735 1.4501031554949133 -0.561660938531563 2.8221686531669783 -1.768474096791258 
0.05906778395340925 -1.7020058383837806 0.08652624191609236 -1.7684740967912584 4.344286426384376 
5 5
4.837364272435116 0.3245422218954114 2.418896634653211 0.061041347994089515 0.16355072499269396 
0.3245422218954114 9.969598116257265 -0.1517611412469276 -0.0035389631729494954 -0.010411951596590039 
2.4188966346532106 -0.15176114124692758 6.76472143202791 2.857323545063025 -1.3395896694454699 
0.061041347994089626 -0.0035389631729494954 2.857323545063025 4.8731077154503755 -1.2596007108023004 
0.1635507249926939 -0.010411951596590046 -1.3395896694454699 -1.2596007108023004 1.5452084638293353 
5 5
5.571191012716415 -3.163807526369789 1.7434662201520421 -0.10129169598367525 0.3236434274766161 
-3.163807526369789 7.729874681717718 1.2431543876104474 -0.06955092818180761 0.23456855919135433 
1.7434662201520421 1.2431543876104478 5.938024330878955 -1.9222638428071142 -2.479804186390513 
-0.1012916959836752 -0.06955092818180758 -1.9222638428071137 4.367832469960197 2.8489604892887392 
0.3236434274766161 0.2345685591913544 -2.479804186390513 2.848960489288739 4.383077504726714 
5 5
5.366942117565387 3.7571904003736645 0.5462599834098395 0.5403114781868062 -0.014622989035870395 
3.7571904003736645 6.943102410246618 -0.44164412012372933 -0.44475160499951144 0.011943390457405775 
0.5462599834098396 -0.4416441201237291 5.249074980920623 -1.5962921871315816 0.021470737370093616 
0.5403114781868059 -0.44475160499951166 -1.5962921871315812 9.42968277990362 -0.09483427886025576 
-0.014622989035870395 0.011943390457405782 0.021470737370093616 -0.09483427886025575 1.0011977113637487 
5 5
9.529439760881033 1.4539181486512025 0.012388965097543225 0.0220376480284313 0.14625825540230927 
1.4539181486512023 5.409644989776515 -0.1336040252840998 -0.07177741412718137 -0.472616033430055 
0.01238896509754392 -0.13360402528409968 9.774809031397794 0.18408187435984907 1.0337360717226456 
0.0220376480284313 -0.07177741412718137 0.18408187435984907 2.006109092410566 0.03327545134768449 
0.1462582554023093 -0.472616033430055 1.0337360717226456 0.03327545134768449 1.1799971255341 
5 5
3.328919178015881 -0.8493222335349062 -2.0752681513566302 1.7449073213137174 -0.6425871975332323 
-0.8493222335349062 9.791879489888203 -0.26185584638880405 0.21507251547136666 -0.07682738478731269 
-2.0752681513566302 -0.26185584638880405 4.901728574627965 -1.102357028621325 0.9582068573235618 
1.7449073213137174 0.2150725154713667 -1.102357028621325 6.488831092495978 -3.3130846487679904 
-0.6425871975332323 -0.07682738478731277 0.9582068573235618 -3.3130846487679904 3.3886416649719786 
5 5
9.900778227397087 0.5843668184667714 0.5661294065404745 0.12992441644952277 0.16114579601009466 
0.5843668184667713 6.4586465142990495 -3.310397023146704 -0.7484088462562292 -0.9153226523443403 
0.5661294065404745 -3.3103970231467037 3.826134384822082 0.707163272733699 1.9933191703372202 
0.12992441644952277 -0.748408846256229 0.7071632727336993 2.8501884316972164 1.8407678564615457 
0.16114579601009457 -0.9153226523443397 1.9933191703372202 1.8407678564615462 4.8642524417845685 
5 5
6.906777517116599 -3.4489181260442305 0.001195634198802783 -0.8485279317328991 2.1441204599423362 
-3.4489181260442305 6.056161986517286 0.0025692074072179937 -0.9968946814893279 2.4999585174643677 
0.0011956341988027881 0.002569207407217978 5.000910151233859 -0.037090703840330225 0.07967798514468387 
-0.8485279317328989 -0.9968946814893277 -0.03709070384033021 3.3048321554663733 -2.71999106095055 
2.144120459942337 2.499958517464367 0.07967798514468387 -2.7199910609505507 6.63131818966589 
5 5
9.392918888989211 0.8726272288324901 -1.6308321219145019 0.5058005877590038 -0.48280737972557497 
0.8726272288324898 8.645760162828351 2.330394712350936 -0.7151853521107709 0.677137342738472 
-1.6308321219145019 2.3303947123509356 2.797685128420607 -0.515349513685986 1.3667911384353388 
0.5058005877590038 -0.715185352110771 -0.515349513685986 3.1907021598413396 -1.8891420330678868 
-0.48280737972557486 0.6771373427384721 1.366791138435339 -1.8891420330678868 3.8729336599204887 
5 5
8.691398071672795 -0.8766396936133203 2.4667847108196312 0.03744490229335576 -0.8666013974878484 
-0.8766396936133202 8.417493448277952 1.5478723442032936 0.0206872727873445 -0.4292193259484135 
2.4667847108196312 1.5478723442032936 2.6506841623902457 0.02609625174697798 -1.6934874521556702 
0.03744490229335575 0.020687272787344495 0.02609625174697798 2.0029913715535788 -0.1150155342924944 
-0.8666013974878484 -0.42921932594841367 -1.6934874521556702 -0.1150155342924944 5.237432946105436 
5 5
4.9969762116145615 -0.9345975550120152 -0.32838917303027765 0.5753285745731967 0.9939632078968882 
-0.9345975550120152 8.838565346164383 -0.29726674968956157 0.177780562302623 0.29096118257951825 
-0.32838917303027765 -0.29726674968956224 9.209688207593713 -1.223161541246573 -1.8229930932879042 
0.5753285745731966 0.177780562302623 -1.2231615412465728 2.3095994314698283 0.4483985826451079 
0.993963207896888 0.2909611825795183 -1.8229930932879037 0.4483985826451079 1.6451708031575205 
5 5
3.1229171983655015 -2.5834516024203835 -0.23860890127614848 -0.8187708312934359 -1.3799709122898514 
-2.5834516024203835 8.05915165872224 -0.044110664520399634 -0.6438306192502831 -0.8762285172439329 
-0.23860890127614842 -0.044110664520399565 5.061613564280847 -0.5446332940440879 -0.5972305928158901 
-0.8187708312934359 -0.643830619250283 -0.5446332940440877 5.715355407558356 3.89320693994725 
-1.3799709122898511 -0.8762285172439329 -0.5972305928158899 3.89320693994725 5.040962171073054 
5 5
4.6104062470167415 -1.256578598113841 2.234259713283682 2.4365236355265982 -1.2890970603247274 
-1.256578598113841 8.709488340346043 0.4864194311993474 0.4617774030499082 -0.21559060302521804 
2.234259713283682 0.4864194311993474 4.557826029016468 0.4814516249507273 -0.6577564999260547 
2.436523635526598 0.4617774030499081 0.48145162495072713 5.494430109389475 -3.090709057438207 
-1.2890970603247274 -0.21559060302521804 -0.6577564999260547 -3.0907090574382066 3.627849274231276 
5 5
4.588837541919174 0.0953517958153967 -1.4910852698309893 -0.12604913880687743 0.8789599205822838 
0.09535179581539667 8.99837240465095 0.012186150939367662 0.004551187620947396 -0.0259878994574493 
-1.4910852698309893 0.01218615093936769 8.36068608280819 -0.6584864135748992 3.0529209639140977 
-0.12604913880687743 0.004551187620947394 -0.6584864135748992 2.1002218342252705 -0.44436997346839796 
0.8789599205822838 -0.0259878994574493 3.0529209639140977 -0.44436997346839796 2.951882136396418 
