20
100
5 5
8.089398484205878 3.4837706700970186 -0.0836931431578199 -0.6854374568954116 0.558836593696917 
3.4837706700970177 3.647629272486605 0.1526038641625458 1.2497808354098536 -1.0189173195260823 
-0.08369314315781987 0.1526038641625458 4.999393414840051 0.058697247522620406 -0.11213434581558393 
-0.6854374568954112 1.2497808354098539 0.058697247522620406 4.326914911938154 -3.7611109840288126 
0.5588365936969172 -1.018917319526082 -0.11213434581558392 -3.7611109840288126 6.93656391652932 
5 5
7.263780051776754 -2.9443850723575684 2.0135542187996815 -0.784394436824787 -0.5582291274968442 
-2.9443850723575684 6.831513094859831 2.166721823204871 -0.8440434208566993 -0.6006632198881664 
2.0135542187996815 2.166721823204871 4.748422369219564 -1.1142632971098043 -1.8538828781986822 
-0.7843944368247869 -0.8440434208566995 -1.1142632971098043 4.100936759882062 2.9539039853250153 
-0.5582291274968443 -0.6006632198881666 -1.8538828781986822 2.9539039853250144 5.055247724261793 
5 5
7.323267042052535 2.6810826613033334 0.5939096740454087 0.3370131846302733 2.3890531746176866 
2.6810826613033334 7.314460569144057 -0.5949333812047588 -0.33757789600848676 -2.3930463539213274 
0.5939096740454092 -0.5949333812047588 6.510394912334176 0.4033885918533314 2.579245232203534 
0.33701318463027335 -0.33757789600848687 0.4033885918533314 2.0967996513757523 0.6045751992047168 
2.389053174617687 -2.393046353921328 2.5792452322035344 0.6045751992047168 4.754977825093477 
5 5
2.9109665833014846 -1.7331162093522092 1.1350595414345892 -1.1565487733984807 0.04487647164022134 
-1.7331162093522092 9.57619036030562 0.2774941557510383 -0.282732293802858 0.01096756109718558 
1.1350595414345892 0.2774941557510382 5.066046658182242 -1.164028181903208 0.2604919255664898 
-1.1565487733984807 -0.2827322938028581 -1.1640281819032077 9.157815696456467 -1.4501935001018418 
0.04487647164022134 0.01096756109718558 0.26049192556648976 -1.4501935001018418 1.288880701754186 
5 5
4.816640181411058 2.0789545007601777 -2.4800147474812935 -0.9870305995214698 -0.24242544529012858 
2.0789545007601777 9.1660678974569 0.9946794003369682 0.3958613867048382 0.09721965315852663 
-2.4800147474812935 0.994679400336968 5.157555955501714 1.896084832710553 1.4761803041702741 
-0.98703059952147 0.39586138670483834 1.896084832710553 5.984999787421068 2.7592033916824827 
-0.24242544529012874 0.09721965315852676 1.4761803041702741 2.7592033916824827 2.874636178209258 
5 5
8.64085461791935 -2.249664526805493 -0.3020363363734375 -0.4897320456375965 0.06584959887007352 
-2.2496645268054927 6.276243541123971 -0.5000249576834984 -0.810647949269307 0.10899944699311201 
-0.3020363363734379 -0.5000249576834983 9.385579409102611 1.85341468639297 -0.21785852267391473 
-0.48973204563759637 -0.8106479492693073 1.8534146863929695 2.6882735287185846 -0.0787289583601783 
0.06584959887007352 0.10899944699311198 -0.21785852267391473 -0.0787289583601783 1.008948903135486 
5 5
6.475268000260225 2.4474231092090117 -0.651015195954574 0.22865334049832867 -3.1198030046084675 
2.447423109209012 8.300514097592053 0.4520778803557996 -0.15877525767987594 2.166360859226938 
-0.6510151959545739 0.4520778803557994 5.972020546181346 -0.17633235060790048 2.1858400421699082 
0.22865334049832872 -0.15877525767987596 -0.17633235060790048 2.0289022862394037 -0.350310948099943 
-3.1198030046084675 2.166360859226938 2.185840042169908 -0.350310948099943 5.2231950697269705 
5 5
9.680505707884146 -1.4298123952182067 0.5709665705259722 0.1744410438137865 0.10888883801474764 
-1.4298123952182065 3.601151929205435 2.555182950256741 0.780629156868023 0.4872463429018748 
0.5709665705259722 2.555182950256741 5.092687903262067 1.145629761270542 2.1287689616308776 
0.1744410438137864 0.7806291568680228 1.1456297612705417 3.8129520052835377 2.982619391614759 
0.10888883801474764 0.48724634290187435 2.128768961630877 2.982619391614759 5.812602454364817 
5 5
9.827039109792398 -1.041382917944854 0.24908261874256962 0.02447526142630108 0.20176905252898916 
-1.0413829179448544 3.729821369741187 1.499649180848509 0.14737932356352046 1.2149105302493368 
0.2490826187425699 1.499649180848509 7.060426117330702 -0.7166532598178877 -3.5640371685279866 
0.02447526142630103 0.14737932356352046 -0.7166532598178876 2.1884708417131633 0.8934982367303818 
0.20176905252898894 1.2149105302493366 -3.5640371685279857 0.8934982367303818 5.194142561422549 
5 5
9.946277137006378 0.5351994879126409 0.06718907969976719 0.08330798234930423 -1.9116167251631837e-05 
0.5351994879126409 4.668119900928148 -0.6692723351615917 -0.8299842070202812 0.0001904487853898491 
0.06718907969976712 -0.6692723351615918 8.917886797768718 -2.6320881272779286 0.0004772477022557154 
0.0833079823493042 -0.8299842070202812 -2.6320881272779286 3.467616119744206 -0.00025671854615968255 
-1.9116167251631847e-05 0.00019044878538984904 0.0004772477022557154 -0.00025671854615968255 1.0000000445525468 
5 5
9.549968361322431 -0.24501310627874545 -1.4223243288082799 0.8159554730683266 -0.650166700531836 
-0.24501310627874545 9.866506218128077 -0.7743603876537493 0.4442305442291268 -0.35396892319703516 
-1.4223243288082799 -0.7743603876537494 1.9472229067584297 0.5730830774774748 0.11565115165673971 
0.8159554730683266 0.4442305442291269 0.5730830774774747 3.309541831020529 -1.8392296648251334 
-0.6501667005318359 -0.35396892319703516 0.11565115165673971 -1.8392296648251334 3.326660682770534 
5 5
8.790376350160098 1.0692628902240595 1.7374438985149285 0.8369553255992259 0.4647981722220028 
1.0692628902240593 9.054710873728096 -1.5360032697631791 -0.7399094027248435 -0.41090351630173494 
1.7374438985149285 -1.5360032697631798 6.8676639763247085 0.6730635584453873 0.35339571646019813 
0.8369553255992259 -0.7399094027248437 0.6730635584453871 2.2268291501901394 0.11720671331313855 
0.4647981722220027 -0.41090351630173505 0.3533957164601981 0.11720671331313855 1.0603196495969582 
5 5
4.612872595894278 2.801931236358397 0.1428518158851116 -0.1359959432658598 -2.4921951229372494 
2.801931236358397 8.542570692273316 -0.07427404423013785 0.07073760574380128 1.2962899742580107 
0.1428518158851111 -0.07427404423013755 6.2357520710466 0.19521933050717755 2.9555273114394276 
-0.13599594326585976 0.07073760574380131 0.19521933050717752 2.026187156956832 0.3837469251104928 
-2.492195122937249 1.296289974258011 2.9555273114394267 0.38374692511049285 6.582517483828971 
5 5
9.391457443208312 1.0523088929644528 -1.3834533667874112 0.9708702761263936 -0.31400187374305466 
1.0523088929644526 8.180217886098877 2.392293755669843 -1.678832475234404 0.5429697992582564 
-1.3834533667874112 2.3922937556698436 3.243211576554089 -0.3850833897195719 0.4968702372210444 
0.9708702761263936 -1.678832475234404 -0.385083389719572 5.291212061497509 -1.7596448501271478 
-0.31400187374305466 0.5429697992582564 0.4968702372210444 -1.7596448501271482 1.8938010326412116 
5 5
8.444316521058694 -2.392826622831892 -0.49914479223198527 -0.9152954640661867 -1.4305185080417724 
-2.3928266228318917 6.319447440141292 -0.7678188810626093 -1.4079048042760531 -2.200410295707453 
-0.4991447922319854 -0.7678188810626096 6.754314516755187 1.533292859039902 2.1634813619542714 
-0.9152954640661867 -1.407904804276053 1.533292859039902 3.20494850634961 1.6609556107613102 
-1.4305185080417722 -2.200410295707453 2.163481361954271 1.6609556107613102 3.2768730156952235 
5 5
3.811798707024789 1.0901264681606457 -0.18769781020375864 -1.8678762803948885 -0.6479001116208204 
1.0901264681606455 9.807861043945273 0.033054398310791176 0.3290673452189051 0.11414067067766191 
-0.18769781020375864 0.033054398310791176 6.70553156397219 -2.9545568869579153 -0.8458049805251286 
-1.8678762803948885 0.32906734521890496 -2.9545568869579153 6.343689225210397 1.203497198948201 
-0.6479001116208204 0.11414067067766191 -0.8458049805251286 1.203497198948201 1.3310194598473526 
5 5
7.170345337369635 -2.949945389887184 -0.3307708664710881 -1.2727364619814703 1.80963426670803 
-2.949945389887184 6.924550236250308 -0.3448801505810404 -1.3269078502991114 1.8866475885237486 
-0.33077086647108783 -0.34488015058104027 6.237195670487526 1.6176903901023554 -2.0339059245215867 
-1.27273646198147 -1.3269078502991114 1.6176903901023554 3.87326540295774 -2.294932691968137 
1.80963426670803 1.8866475885237477 -2.033905924521587 -2.294932691968137 3.794543352934797 
5 5
6.99903344495205 -2.787588641884211 2.2145860877397356 0.9369729189727267 0.6082281492447356 
-2.787588641884211 7.410517448366706 2.0571051226548644 0.8703265584072073 0.5649522500000494 
2.2145860877397356 2.0571051226548644 4.647354991772856 1.1597596612784449 1.7243204028099492 
0.9369729189727269 0.8703265584072071 1.1597596612784447 4.381374101805664 2.949063041754406 
0.6082281492447356 0.5649522500000494 1.7243204028099492 2.949063041754406 4.561620013102725 
5 5
6.608629597370796 2.883704916204249 2.355814369326701 -0.3697915109338547 0.44354332561294174 
2.883704916204249 7.547866439627662 -2.003144353419505 0.3144232128620666 -0.37711186523754286 
2.3558143693267013 -2.003144353419505 5.034508943945644 -0.8090646487450319 2.6473277946186307 
-0.3697915109338548 0.31442321286206654 -0.8090646487450321 2.6396578261667925 -1.8369535606740082 
0.443543325612942 -0.37711186523754275 2.6473277946186307 -1.8369535606740082 6.169237192889107 
5 5
8.857326494408168 -1.5149845777797912 -1.2778459575041206 -0.8179050998841625 -0.918404596557426 
-1.5149845777797915 7.991296270845721 -1.694343423358686 -1.0844735684442512 -1.2177246628468155 
-1.2778459575041206 -1.6943434233586858 7.283291624241464 1.0180608132541573 1.0706646962751263 
-0.8179050998841623 -1.0844735684442512 1.0180608132541573 2.4207824540929956 0.43474582397697314 
-0.9184045965574258 -1.2177246628468155 1.0706646962751263 0.43474582397697314 1.4472031564116454 
5 5
9.878806358056716 -0.8530392458718062 -0.3533014495220745 0.16078450503859884 -0.022363062831552014 
-0.8530392458718062 3.995658001403487 -2.486736071167248 1.131646848816459 -0.15738155080848107 
-0.3533014495220745 -2.486736071167248 5.181438982881252 -2.0565546402943977 0.9773160204836872 
0.160784505038599 1.1316468488164593 -2.056554640294397 7.050942552600639 -2.14357427162799 
-0.022363062831552098 -0.15738155080848118 0.9773160204836869 -2.14357427162799 1.8930541050579133 
5 5
7.229570036466973 -2.922463411465212 0.27215519506080454 -0.8450588070946848 0.5048709777409272 
-2.9224634114652113 6.91705997122564 0.2870341248307218 -0.8914847736257039 0.5326017021674773 
0.2721551950608043 0.28703412483072127 8.034081706919888 2.8886941212064805 -1.401547731282287 
-0.8450588070946848 -0.8914847736257041 2.8886941212064805 4.314041929932101 -1.0852581082114914 
0.5048709777409272 0.5326017021674774 -1.4015477312822868 -1.0852581082114914 1.5051463554553928 
5 5
3.83073406256873 -0.016308275735528927 0.10758699899577538 3.1942042451868313 -1.1605923819630013 
-0.016308275735528927 9.999856889545692 0.0002844442153942251 0.008444209328729359 -0.0030681294247340177 
0.10758699899577531 0.000284444215394224 5.066271740879514 0.6455977163918868 -0.20706977696896012 
3.1942042451868313 0.008444209328729359 0.6455977163918868 7.563175834339513 -1.7383044048039138 
-1.1605923819630013 -0.003068129424734017 -0.20706977696896012 -1.7383044048039138 1.5398614726665525 
5 5
5.8577913158127535 0.17958460402289234 -2.2538108167494637 3.0348169829845455 -1.0348115241491191 
0.17958460402289234 9.992114146495506 0.09771302225255576 -0.13157219059457304 0.04486323259269494 
-2.2538108167494637 0.09771302225255574 4.267342693396923 -0.06604714207656157 0.26547754695098763 
3.0348169829845455 -0.13157219059457304 -0.06604714207656151 5.7506234034850285 -2.124071205929464 
-1.0348115241491191 0.04486323259269494 0.26547754695098763 -2.124071205929464 2.132028440809783 
5 5
5.259242380644641 0.7688117910005506 2.9086891618111235 0.8950806719218243 -0.12259002957501965 
0.7688117910005509 9.875221284618203 -0.4716987457754298 -0.14514840963745126 0.019877542171810404 
2.908689161811123 -0.4716987457754297 5.299247643836374 2.3686028069300535 -1.0912717398636678 
0.8950806719218241 -0.14514840963745118 2.368602806930054 5.916395739903801 -1.610136186199729 
-0.12259002957501965 0.019877542171810366 -1.0912717398636678 -1.6101361861997285 1.649792950996983 
5 5
6.213097546354939 -3.366915001086677 -0.1481769908231299 1.0720929873633962 -1.5300887614219683 
-3.366915001086677 7.006393629200719 -0.1317082107066743 0.9532460093545614 -1.3604565493717964 
-0.14817699082313018 -0.1317082107066743 6.176914890573236 1.850737085759918 -2.1683703400643095 
1.0720929873633962 0.9532460093545614 1.8507370857599175 4.462761796325805 -2.79146723371628 
-1.530088761421968 -1.3604565493717964 -2.1683703400643095 -2.79146723371628 4.140732137545294 
5 5
9.556170266611593 -1.3294154360925776 -0.8570596959369506 0.6854082117218877 0.6772712252190968 
-1.3294154360925776 6.01786529465105 -2.5671624664990675 2.052997607073652 2.028615306075849 
-0.8570596959369504 -2.5671624664990675 3.9737762292989323 0.046770536666700814 -0.4566791822840741 
0.6854082117218877 2.0529976070736518 0.046770536666700814 3.5340450514701405 2.5369608135377755 
0.6772712252190968 2.028615306075849 -0.456679182284074 2.5369608135377755 4.918043157968288 
5 5
3.4474688091418138 0.12835256861682784 -0.13267955701621678 -2.0927028408175774 2.542443783657992 
0.12835256861682787 9.997385798787848 0.0025996564974451577 0.04099446622780964 -0.04980421930049729 
-0.13267955701621692 0.0025996564974451655 5.4053670041104915 1.1843430618112185 -1.2446010086066686 
-2.0927028408175774 0.04099446622780967 1.1843430618112185 5.019484747351175 -3.084377849495035 
2.542443783657992 -0.04980421930049732 -1.2446010086066686 -3.084377849495035 4.130193640608666 
5 5
9.706932888307222 -1.5047888804140765 -0.14151288511014626 0.0880887049709245 0.19395850807418066 
-1.5047888804140765 2.2733776989472347 -0.7265942310276109 0.4523786110663951 0.9959777719284972 
-0.1415128851101461 -0.7265942310276109 5.239397736489982 1.1640561762067776 1.181791585405993 
0.08808870497092469 0.4523786110663951 1.1640561762067776 6.060903703239408 3.9074074250057773 
0.19395850807418089 0.9959777719284972 1.181791585405993 3.9074074250057773 4.719287973016161 
5 5
7.555978083840169 2.3766957980954024 -0.5078710485673181 -2.4488605481472914 -0.9937403841241218 
2.3766957980954024 7.688675672225115 0.4939214965678193 2.3815288183969536 0.9664141904834187 
-0.507871048567318 0.4939214965678197 5.52942090870928 1.4730033276396088 0.5484353738533004 
-2.448860548147292 2.3815288183969536 1.473003327639609 5.732295209020631 1.3606595282359455 
-0.9937403841241218 0.9664141904834187 0.5484353738533004 1.3606595282359455 1.4935301262048046 
5 5
5.378088948367391 1.8142885771270154 -2.907407523357089 -0.7966169742789557 0.5083048026181242 
1.8142885771270159 9.287717743786066 1.1412649917675912 0.312692954614068 -0.19951443843574534 
-2.907407523357089 1.141264991767591 4.91883662395915 1.3520009071444254 -2.2037600355059923 
-0.796616974278956 0.31269295461406793 1.3520009071444252 3.8275368711485034 -2.588045437856023 
0.508304802618124 -0.1995144384357452 -2.2037600355059923 -2.588045437856023 4.587719812738891 
5 5
9.759685894760858 -1.0174847543950567 -0.7203290562850675 -0.31178667177682856 0.11615827339099212 
-1.0174847543950567 5.69189142803339 -3.0498322420017687 -1.320060254576344 0.49178605135222336 
-0.7203290562850676 -3.0498322420017683 4.544969552074707 1.5927936049882134 -1.3617314509859062 
-0.31178667177682867 -1.3200602545763438 1.5927936049882134 5.3437785453109266 -2.385241767500515 
0.11615827339099212 0.4917860513522235 -1.3617314509859066 -2.3852417675005153 2.659574579820124 
5 5
9.035378283614714 -2.1377855444285103 0.24248128194791232 -0.23085869798804973 0.5011876468687572 
-2.1377855444285103 5.262159852842651 0.537312200735955 -0.5116577343290397 1.110780181906488 
0.24248128194791194 0.5373122007359551 8.489687573782383 1.56911809036948 -2.7132233653891897 
-0.23085869798804967 -0.5116577343290399 1.56911809036948 2.5878394228926367 -0.9811326053458576 
0.5011876468687573 1.110780181906488 -2.7132233653891893 -0.9811326053458576 2.6248348668676127 
5 5
9.810075783876181 1.1382504597715153 0.3855932248011438 0.21938719737276394 -0.228031846863468 
1.1382504597715153 3.1781574360230236 -2.310912728922322 -1.3147947784745284 1.3665784943513282 
0.3855932248011437 -2.310912728922322 4.771790242441598 0.5746706817802432 -1.3446255936086022 
0.21938719737276388 -1.3147947784745284 0.5746706817802435 3.6226885646615186 -3.061065008358341 
-0.22803184686346795 1.3665784943513277 -1.3446255936086025 -3.0610650083583404 6.6171879729976775 
5 5
9.85928498080982 -0.8457544551958166 0.07021265176814263 0.6198099962893243 0.02824938177454716 
-0.8457544551958168 4.91657199027 0.42200441056896093 3.725259895847356 0.16978700132966612 
0.07021265176814263 0.42200441056896093 4.979779892498711 0.03383007474307164 0.008265170588910327 
0.6198099962893243 3.7252598958473553 0.03383007474307157 7.216182068742606 0.39345446432015674 
0.028249381774547166 0.16978700132966607 0.008265170588910327 0.39345446432015674 1.0280810676788674 
5 5
6.145045993228047 -3.7871963202920305 -0.09648877294063854 -0.9500478236215757 -1.6821717657801425 
-3.7871963202920296 6.279270405234594 -0.09478136787428848 -0.933406350268718 -1.6526839145251833 
-0.09648877294063854 -0.09478136787428848 5.112875080040511 -0.6011930152157379 -0.841224191893866 
-0.9500478236215757 -0.9334063502687184 -0.6011930152157379 4.657750703510564 3.5877022222223376 
-1.6821717657801427 -1.6526839145251835 -0.841224191893866 3.5877022222223385 5.8049578179862875 
5 5
9.854369780786012 0.8799010402013822 -0.3800949845887158 0.0052563629066240455 -0.08082289597839329 
0.8799010402013824 4.683518244887457 2.296491417265273 -0.03178286764368286 0.48838295243334623 
-0.3800949845887158 2.296491417265273 7.030966749002676 1.4254184165516943 -3.1290600486443494 
0.005256362906624032 -0.031782867643682974 1.4254184165516943 2.659051121370394 -1.3597942084199284 
-0.08082289597839337 0.48838295243334634 -3.12906004864435 -1.3597942084199288 3.77199410395346 
5 5
5.627128704891943 -2.3233611391021833 -0.36000014865592145 1.3068559553680534 -1.2128046880026957 
-2.3233611391021833 8.76546920711012 -0.19131516022737238 0.6943841641964026 -0.6444069191289502 
-0.36000014865592145 -0.19131516022737283 7.946443931326726 -2.3574158730695842 1.90167588618384 
1.3068559553680532 0.6943841641964028 -2.357415873069584 3.6511320185597795 -1.2953500315642816 
-1.2128046880026957 -0.6444069191289503 1.9016758861838392 -1.2953500315642816 2.0097261381114317 
5 5
5.6556757702899425 -2.583535134680355 0.4712775714478383 1.085150652873607 0.20466301693827726 
-2.583535134680355 8.463492163680424 0.2802271070135796 0.6453693976366606 0.12171726158330656 
0.47127757144783816 0.2802271070135793 7.940802959013879 -3.1880966249490243 -0.4789936686474831 
1.0851506528736068 0.645369397636661 -3.1880966249490235 4.879830368546466 0.41764704852720025 
0.20466301693827726 0.12171726158330656 -0.4789936686474831 0.41764704852720025 1.060098738469282 
5 5
7.550234081437611 -3.7958478264292554 0.38010728187020965 0.07786631217769162 0.5061128139810913 
-3.7958478264292554 4.118333679789622 0.5889524908066577 0.12070392962874514 0.784281907615576 
0.38010728187020953 0.5889524908066577 5.134379337653591 -0.7456491711794112 -1.111734272364298 
0.07786631217769162 0.12070392962874514 -0.7456491711794113 4.780568888663928 3.9037386695680687 
0.5061128139810914 0.784281907615576 -1.111734272364298 3.9037386695680687 6.416384012455253 
5 5
9.660553924961654 0.4119126889407063 1.101317489217833 0.9768586574544112 0.17092578541176157 
0.4119126889407063 9.500050168824297 -1.3364264227359257 -1.1853907409066402 -0.20741286454790817 
1.1013174892178332 -1.3364264227359257 2.638637646713201 -0.5259259981458003 0.07926470874582832 
0.9768586574544115 -1.1853907409066402 -0.5259259981458004 4.955210976027544 0.8907367543271946 
0.17092578541176162 -0.20741286454790817 0.07926470874582837 0.8907367543271946 1.2454472834733044 
5 5
4.246032032404651 -1.438561630988952 -2.5431552456923048 0.49866480837742666 0.010538643362517731 
-1.4385616309889515 9.64024218168158 -0.6358108333032613 0.12466143443908555 0.0026234641065673117 
-2.5431552456923048 -0.6358108333032614 5.612064126409862 -1.9211978820376712 -2.240302921332005 
0.49866480837742677 0.12466143443908574 -1.9211978820376707 4.5986012266463945 2.768408511550431 
0.01053864336251762 0.002623464106567409 -2.240302921332005 2.7684085115504313 3.9029604328575123 
5 5
5.8360846221408655 3.5787738227974746 1.3490084966570568 -0.04461208243028441 -0.5953762385811222 
3.578773822797475 6.9240396833468525 -1.159410707780596 0.038367923256803466 0.5117607235498172 
1.349008496657057 -1.1594107077805964 5.914021736290119 1.3157541116950682 2.8327364484054773 
-0.04461208243028441 0.038367923256803355 1.3157541116950686 3.2528888988784193 2.536230002424878 
-0.5953762385811219 0.5117607235498172 2.8327364484054787 2.536230002424878 6.0728650593437425 
5 5
7.700404379797025 2.4653226001802784 -1.0591461279120025 -0.46308497742440713 -2.7771195512067535 
2.465322600180279 7.356906827948849 1.1354725047901462 0.49645442366794185 2.97722803443105 
-1.0591461279120027 1.1354725047901464 4.644033634336303 -0.07922959502285735 -0.21363725812071865 
-0.46308497742440713 0.49645442366794196 -0.07922959502285738 2.043043397992746 0.5240034251357074 
-2.777119551206754 2.9772280344310498 -0.21363725812071882 0.5240034251357074 6.255511759925074 
5 5
3.6321242944591248 3.3328981661170385 -0.8881452766879577 -0.034380541522769065 0.5509320117008354 
3.3328981661170385 8.255486211532103 0.4648391111599923 0.017963382399594923 -0.2883878340076468 
-0.8881452766879577 0.464839111159992 5.207421393906161 1.0884192477773367 1.2766592474539702 
-0.03438054152276873 0.017963382399595006 1.0884192477773367 5.607243436473306 3.9621821289138337 
0.5509320117008357 -0.28838783400764706 1.27665924745397 3.9621821289138346 5.297624663629303 
5 5
7.273820455818563 2.8695273729962354 -1.1396738865240652 1.2303985155884658 -2.306797518258819 
2.869527372996235 6.979487290387904 1.1995950398615767 -1.2950816948121437 2.428058591495322 
-1.1396738865240654 1.1995950398615767 4.684241661504865 0.08838175686146602 0.12903735630894686 
1.2303985155884658 -1.2950816948121437 0.08838175686146607 2.5740270284762685 -1.857598754815634 
-2.306797518258819 2.4280585914953217 0.12903735630894708 -1.857598754815634 6.488323563812402 
5 5
8.962180111850934 2.0282142065701816 1.3729546396416241 -0.6566302653301059 0.21441017273013352 
2.028214206570181 6.036155506051758 -2.6831458013046734 1.283215420949318 -0.41899865183633994 
1.3729546396416237 -2.683145801304674 4.678237950815302 -1.640808957649447 1.2478885243880296 
-0.656630265330106 1.283215420949318 -1.6408089576494467 5.7981843476990695 -2.435925832411178 
0.21441017273013324 -0.41899865183633994 1.2478885243880296 -2.435925832411178 2.52514208358294 
5 5
9.288450091252368 2.1415944609165662 0.8120449477698396 0.12675706053294636 -0.21603758643762191 
2.1415944609165662 3.5542146332047704 -2.444035098074828 -0.3814919449047377 0.6501543378859643 
0.8120449477698394 -2.444035098074828 5.04441904262167 0.4840493168088758 -2.322104486525226 
0.12675706053294625 -0.3814919449047375 0.4840493168088755 2.3844354168945996 -1.624420820463881 
-0.2160375864376221 0.6501543378859641 -2.322104486525225 -1.624420820463881 7.728380816026591 
5 5
6.587033736479594 3.8166469647001797 0.12898229967463457 1.0109763232283429 -0.59987946059322 
3.8166469647001797 5.731825567149324 -0.14422953051454732 -1.1306384942025656 0.6708680149739066 
0.12898229967463445 -0.14422953051454732 5.064577385519493 -0.7268498922084515 0.3105412164860435 
1.0109763232283429 -1.1306384942025653 -0.7268498922084515 8.528707452063836 -2.6766595517768725 
-0.5998794605932198 0.6708680149739066 0.3105412164860435 -2.676659551776872 2.087755858787759 
5 5
8.241236895411905 -0.26328305137487895 -2.666411095971703 0.855408927890653 -0.10246498146242934 
-0.26328305137487895 9.960487093876043 -0.39915288426795426 0.12804960920778924 -0.015338113195890707 
-2.666411095971703 -0.39915288426795426 3.87836960761338 -1.7629199319173705 0.47605373443407834 
0.8554089278906528 0.1280496092077892 -1.7629199319173705 4.789286680346552 -0.611597034631211 
-0.10246498146242936 -0.015338113195890696 0.47605373443407834 -0.6115970346312108 1.1305197227521218 
5 5
9.23598327298325 1.939615672822608 0.132031198093144 0.1382059357652297 0.7936644612100342 
1.9396156728226088 5.075781425863074 -0.33527328056105615 -0.35088247030304154 -2.0149721958325446 
0.1320311980931433 -0.33527328056105554 8.005198410688866 0.6170906889517511 3.069917590069589 
0.13820593576522963 -0.35088247030304154 0.6170906889517512 2.1106817096187114 0.5353083845418677 
0.7936644612100338 -2.0149721958325446 3.069917590069589 0.5353083845418676 3.5722551808461 
5 5
7.440649482175789 3.044353109096305 -0.055080300236507486 0.42034295077304135 1.5685191941607188 
3.044353109096305 6.378635235978455 0.06557546444708283 -0.5000251519186785 -1.8658405844290293 
-0.05508030023650764 0.06557546444708313 7.162442435543799 -0.9828783639125401 -3.1188832991899202 
0.42034295077304146 -0.5000251519186784 -0.9828783639125401 2.3857158561676224 1.1877308149834445 
1.5685191941607186 -1.8658405844290298 -3.1188832991899194 1.1877308149834445 4.632456990134337 
5 5
4.604592918142967 -4.165255729043295 -0.07311522688297963 -0.35770483548642057 -0.16850323865484473 
-4.165255729043295 6.784321449052322 -0.05644410771593312 -0.27611348165905975 -0.1301339323641519 
-0.07311522688297963 -0.05644410771593312 5.000791100911337 0.06654901186488398 -0.1037566463405877 
-0.3577048354864207 -0.27611348165905975 0.06654901186488398 4.836944156027242 -4.076925542941973 
-0.16850323865484473 -0.13013393236415174 -0.10375664634058773 -4.076925542941974 6.773250375866131 
5 5
8.961081546506236 -2.462125879458983 -0.9694372072422736 0.48132703181401165 0.4582875994842931 
-2.462125879458983 4.1649243814733214 -2.297443975735864 1.1406623238562401 1.0860394830197682 
-0.9694372072422736 -2.297443975735864 4.7880391282577435 -0.7093069604370854 -1.5371646950170814 
0.48132703181401143 1.1406623238562401 -0.7093069604370854 3.7144999522853093 3.073809743916365 
0.458287599484293 1.0860394830197682 -1.5371646950170814 3.073809743916365 6.371354991477391 
5 5
9.69597686871248 -1.562707115286542 0.028480845618255986 0.0987192846784525 0.25357485245388484 
-1.5627071152865417 1.967440373145816 0.1463895839313624 0.5074971918694885 1.3034889998594559 
0.02848084561825598 0.14638958393136245 5.011045529355738 -0.22034569482615432 -0.29384662863804767 
0.09871928467845245 0.5074971918694885 -0.22034569482615426 5.217434207926419 4.07526455322821 
0.2535748524538849 1.3034889998594559 -0.29384662863804767 4.07526455322821 6.108003020859547 
5 5
6.487645512156649 1.5508820764687663 -2.8202401294100348 1.5811018940921802 0.5018900996115481 
1.5508820764687663 9.31510715712376 1.2452695666957174 -0.6981206591975961 -0.22160163262030846 
-2.8202401294100348 1.2452695666957176 4.221677719378692 -1.324425306062378 -0.9498415577113751 
1.58110189409218 -0.6981206591975965 -1.324425306062378 5.8157392694981285 2.1352898443118216 
0.501890099611548 -0.22160163262030858 -0.9498415577113749 2.1352898443118216 2.1597303418427662 
5 5
6.35633537104226 -4.048594686921828 0.12603830443352218 -0.46991907447707215 0.06294266660431799 
-4.048594686921828 5.50137431062099 0.1400431681218246 -0.522081897265644 0.0699710652277014 
0.12603830443352215 0.14004316812182463 5.003245930703441 -0.2023811278346403 -0.12288386013173905 
-0.46991907447707126 -0.5220818972656441 -0.2023811278346403 8.224360156914212 3.4779776771069524 
0.06294266660431844 0.06997106522770134 -0.12288386013173902 3.4779776771069524 2.914584230719093 
5 5
7.761463162745951 3.0204694767492337 1.0785861696678345 -0.04710531192728572 -0.5967593890751103 
3.0204694767492346 5.92436471890722 -1.4552982539622672 0.06356920688293262 0.8052685751558172 
1.078586169667835 -1.4552982539622674 6.968527577009549 0.5784153922836965 3.5893751147016517 
-0.04710531192728569 0.06356920688293254 0.5784153922836965 2.123123007262894 0.7248755536836199 
-0.5967593890751101 0.8052685751558174 3.5893751147016517 0.7248755536836199 5.222421534074383 
5 5
7.839997374960267 1.0471099049078108 -2.095556434360738 2.4638192118269475 0.4290121484897132 
1.0471099049078108 9.492289897964307 1.0158635350818894 -1.1943781745614461 -0.20796999544562889 
-2.095556434360738 1.0158635350818892 3.710003736904275 0.19691394929010142 -0.11406291439735539 
2.4638192118269475 -1.194378174561446 0.19691394929010153 5.664382304409222 1.075980725170155 
0.4290121484897132 -0.20796999544562889 -0.11406291439735533 1.075980725170155 1.2932266857619308 
5 5
9.50267327846043 -1.4411847958826791 -0.5113099515094862 -0.06080260644645104 -0.0959801492419303 
-1.4411847958826791 5.823543642176242 -1.4816400944866377 -0.1762135869926476 -0.27815347752203007 
-0.5113099515094861 -1.4816400944866375 9.150111671043073 -1.1894440176302221 -1.2386388094467011 
-0.06080260644645101 -0.17621358699264772 -1.1894440176302221 2.26417246346825 0.26301166520346275 
-0.0959801492419303 -0.2781534775220301 -1.238638809446701 0.2630116652034627 1.259398944852008 
5 5
3.9076420269737144 3.065617180824989 0.8999976843003329 0.5035039873242081 1.041310283098152 
3.0656171808249884 8.457310293500147 -0.45285513380763276 -0.2533900505612763 -0.524012430529625 
0.8999976843003329 -0.4528551338076333 5.6239428350827865 -1.644164153990069 -1.8883562624182462 
0.5035039873242081 -0.25339005056127617 -1.6441641539900695 5.2140823110821755 3.511311046571821 
1.041310283098152 -0.5240124305296249 -1.8883562624182462 3.511311046571821 4.796922533361173 
5 5
9.976919062251818 -0.014332215720623867 0.180302830010162 0.0922426850690626 -0.40106735917242126 
-0.014332215720623867 9.991000343941971 0.11195961701999516 0.057278238028877826 -0.24904307185767743 
0.180302830010162 0.11195961701999513 3.8256935576298488 -0.46680507507722496 1.741486963668626 
0.09224268506906258 0.057278238028877826 -0.46680507507722496 1.9063624024690164 0.09485635712820017 
-0.40106735917242126 -0.24904307185767738 1.741486963668626 0.09485635712820017 2.2999246337073465 
5 5
6.147873827707696 -0.6525016130522404 -0.5713110490162756 -2.339648214704344 -3.3701589030131123 
-0.65250161305224 9.889374452499766 -0.09678068047349019 -0.396331082728715 -0.5708957519187755 
-0.5713110490162759 -0.09678068047349019 5.206372488894642 0.5560865601402369 0.7451177725371595 
-2.339648214704344 -0.396331082728715 0.5560865601402367 3.380574056243933 1.815238476032571 
-3.3701589030131123 -0.5708957519187753 0.7451177725371593 1.815238476032571 3.375705174653956 
5 5
5.398233778626215 -1.1465504560070146 -3.2559484306794455 0.05167333625109955 -2.080533545046607 
-1.1465504560070146 9.714231870668044 -0.8112294578284116 0.012874445367153198 -0.5183626111946548 
-3.2559484306794455 -0.8112294578284118 3.780480747492875 -0.010229535602656657 1.2918933601811344 
0.05167333625109955 0.012874445367153202 -0.01022953560265666 2.0014390868284213 -0.09592092934224236 
-2.080533545046607 -0.5183626111946549 1.2918933601811347 -0.09592092934224236 7.105514516384441 
5 5
5.0882588821954045 3.995319013192434 -1.3740906563640731 0.2785329873636066 -0.4941925362490188 
3.995319013192434 6.7500190244690454 1.1177035806813957 -0.2265540363654422 0.40193521765555634 
-1.3740906563640731 1.1177035806813957 5.047529088141414 -0.30695116955858287 1.7015756729577964 
0.27853298736360665 -0.22655403636544202 -0.30695116955858287 2.327139248209767 -1.611324281012198 
-0.4941925362490184 0.40193521765555634 1.7015756729577964 -1.6113242810121984 8.786953756984374 
5 5
7.135652728150886 3.0141676065310055 -0.24044353933927617 1.8223324053220482 1.1971438702726815 
3.0141676065310055 6.828075673943775 0.25305785828775684 -1.9177460543230813 -1.2598169838179205 
-0.24044353933927606 0.25305785828775695 5.779260774137231 -1.876802674876985 -1.0867236067761807 
1.8223324053220478 -1.9177460543230813 -1.876802674876985 5.99417587820355 2.2526839683582054 
1.1971438702726815 -1.2598169838179207 -1.086723606776181 2.2526839683582054 2.2627349455645627 
5 5
9.442907657677962 0.7800388726796539 1.4417336786512622 -0.9247416534319527 -0.533891670260279 
0.7800388726796539 8.907692125951383 -2.0187014116189737 1.2948050614238402 0.7475411556476975 
1.4417336786512622 -2.0187014116189737 2.6628695586413156 0.13403977110409532 -0.4366847676948584 
-0.9247416534319526 1.2948050614238404 0.13403977110409543 4.126178973877366 2.060637494681311 
-0.5338916702602791 0.7475411556476973 -0.4366847676948584 2.060637494681311 2.8602516838519736 
5 5
9.08768167198781 1.937958805530718 -0.46307355676262385 0.3998728707154688 -0.8471335824873939 
1.9379588055307175 5.88326196495802 0.9837683105450362 -0.8494580502288869 1.7995752217331946 
-0.463073556762624 0.9837683105450364 8.13834607619567 -1.2210229102479593 2.325878490256162 
0.3998728707154687 -0.8494580502288871 -1.2210229102479593 2.425834427974966 -0.7920149293592517 
-0.847133582487394 1.7995752217331946 2.325878490256162 -0.7920149293592517 2.4647758588835313 
5 5
8.602226541870255 -1.2012073602373605 1.3822672400755793 2.20952630594608 0.9859553375581697 
-1.2012073602373605 8.967616038800266 1.1878772989666622 1.8987882296025829 0.8472923870572624 
1.382267240075579 1.1878772989666624 4.0266469854634375 -0.7004431470504835 -0.08961287306755036 
2.20952630594608 1.8987882296025833 -0.7004431470504835 4.107056725295603 1.7811734860990278 
0.9859553375581697 0.8472923870572626 -0.08961287306755036 1.7811734860990278 2.2963537085704355 
5 5
5.95140089629674 2.7323202685831642 1.874020390488363 0.111203340462561 0.08771597591900554 
2.7323202685831642 8.155910546419843 -1.2647156797749632 -0.07501420882130443 -0.0592060134970326 
1.8740203904883634 -1.264715679774963 6.236588664258326 2.996029144370167 -0.7613991386371767 
0.111203340462561 -0.07501420882130434 2.996029144370167 6.410971069885229 -1.0464169847743465 
0.08771597591900543 -0.05920601349703257 -0.7613991386371767 -1.0464169847743465 1.2450288231398605 
5 5
5.545358915043081 -1.6978466177174039 -0.6351959215477349 -3.049246366860842 -1.2727199647926957 
-1.6978466177174043 9.352780943800084 -0.24212067382581826 -1.1622530724996094 -0.48510911983079136 
-0.6351959215477349 -0.2421206738258184 5.670433926329031 1.699098565365726 0.6454942041410707 
-3.049246366860842 -1.1622530724996099 1.6990985653657262 5.89629260709374 1.4476785105120142 
-1.2727199647926957 -0.48510911983079147 0.6454942041410707 1.4476785105120142 1.5350336077340618 
5 5
9.262095451703189 2.1782728580385022 -0.028642226369788415 -0.7501811868443474 0.04969877743143903 
2.1782728580385022 3.5697016044897723 0.08453560477536827 2.2146419488080387 -0.1467162100944593 
-0.02864222636978843 0.08453560477536821 5.110660147594975 -0.9629122263459249 0.05164793125110445 
-0.7501811868443479 2.2146419488080387 -0.9629122263459249 9.038673930116486 -0.3648482286462579 
0.049698777431439044 -0.1467162100944593 0.05164793125110445 -0.3648482286462579 1.0187688660955732 
5 5
9.13769339806123 2.067230597862611 -0.017305303842938786 -0.23202870380819926 0.682868795314141 
2.0672305978626113 5.044072996638211 0.04140825434181402 0.5562784771720966 -1.6371334351169986 
-0.017305303842939174 0.041408254341814076 8.150463568674617 -1.2084646224850173 2.9897339061091848 
-0.2320287038081992 0.5562784771720966 -1.2084646224850175 2.397496416857948 -0.9532849710509133 
0.6828687953141411 -1.6371334351169986 2.989733906109185 -0.9532849710509135 3.270173619767991 
5 5
4.14990147988123 -2.632335947235786 -0.8056221455037108 -1.052880625650354 -0.36847372700119996 
-2.632335947235786 8.81544259066348 -0.36248366495938744 -0.4737990685359322 -0.16580939302941558 
-0.8056221455037108 -0.3624836649593881 6.017531447950716 -2.72791593806357 -0.6495724215104269 
-1.052880625650354 -0.47379906853593196 -2.72791593806357 7.722461739961353 1.3043220295356501 
-0.36847372700119996 -0.16580939302941555 -0.649572421510427 1.3043220295356501 1.294562741543219 
5 5
6.438410834802265 2.515719742095003 2.399981645472667 1.4456184611323109 -1.2294576778885502 
2.515719742095003 8.222927551253536 -1.6952105108373035 -1.021090682387332 0.868400514497647 
2.399981645472667 -1.6952105108373035 4.262895397458326 0.5476928669515831 -1.1517710910743575 
1.4456184611323109 -1.021090682387332 0.5476928669515831 4.044620569112461 -2.9250081414276017 
-1.22945767788855 0.8684005144976472 -1.1517710910743573 -2.925008141427602 5.03104564737341 
5 5
3.6284666984682903 2.4343727388603136 -2.2720464485410257 -0.11582861547320254 0.23819223977289952 
2.434372738860314 9.069798821748352 0.8680703733489213 0.04425178434696257 -0.0909788499925536 
-2.272046448541026 0.8680703733489211 5.274189254637541 0.2478853353680584 -2.662565037741757 
-0.11582861547320263 0.044251784346962544 0.2478853353680584 2.0750166147654907 -0.7283866313217537 
0.23819223977289952 -0.0909788499925537 -2.6625650377417576 -0.7283866313217537 7.95242861038033 
5 5
5.881862326635033 -2.8089119731682786 -0.4825812241836165 -1.013550279391493 0.5790429617934506 
-2.808911973168278 8.083988707955292 -0.3291203785776277 -0.6913678660003806 0.39497434008563614 
-0.4825812241836167 -0.3291203785776267 7.687615267825043 -3.0189891859179507 1.363956075767695 
-1.0135502793914932 -0.6913678660003806 -3.0189891859179507 4.815688175211053 -1.2272926312391403 
0.5790429617934506 0.39497434008563614 1.363956075767695 -1.2272926312391403 1.5307455223735762 
5 5
6.792949912532227 4.10894023830472 -0.06462993866061852 0.1824819497423317 -1.1823012851244565 
4.10894023830472 4.7354390723613955 0.08280216572490645 -0.2338251487349108 1.5148847117950017 
-0.06462993866061852 0.08280216572490648 5.007349763175574 0.07520746614008088 -0.29211385799630873 
0.1824819497423318 -0.23382514873491053 0.07520746614008088 2.5809730138973053 -2.1507266617415324 
-1.182301285124456 1.5148847117950017 -0.29211385799630873 -2.1507266617415324 8.883188238033496 
5 5
9.982826221765123 -0.341439702284664 -0.06378857489674061 0.09170133805960587 -0.14410473855769731 
-0.341439702284664 3.2115818620472485 -1.2682031880554945 1.8231314996091577 -2.864956736573804 
-0.06378857489674061 -1.2682031880554945 4.863366176338605 -0.037814441807012836 0.31531145638729924 
0.09170133805960587 1.8231314996091572 -0.037814441807012794 2.9381451767574007 -2.43972828394747 
-0.14410473855769731 -2.8649567365738045 0.3153114563872992 -2.43972828394747 7.003980563091624 
5 5
4.810769746942559 -1.9693373515814965 -0.1604765249570555 -1.192475969340823 -1.1305113064528727 
-1.9693373515814965 9.25252718866252 -0.060873728021224115 -0.4525751596269204 -0.42905392686961674 
-0.1604765249570555 -0.06087372802122445 7.81568241233781 -2.557546058468956 -2.0140702009930553 
-1.192475969340823 -0.4525751596269202 -2.557546058468956 3.9785662118167076 1.5088409733567294 
-1.1305113064528727 -0.42905392686961674 -2.014070200993055 1.5088409733567296 2.142354440240402 
5 5
9.999109539372943 0.009976969661871704 -0.0630905842095583 0.04669460316344329 -0.006459075190504529 
0.009976969661871704 9.888115244331091 0.706881411875602 -0.5231736426090947 0.07236818870893434 
-0.06309058420955832 0.706881411875602 2.102051187674514 0.41834226275051345 0.09359963654856933 
0.04669460316344331 -0.5231736426090947 0.41834226275051345 4.864195142407312 -0.6746361489757131 
-0.0064590751905045304 0.07236818870893437 0.09359963654856933 -0.6746361489757132 1.1464288862141416 
5 5
7.5138680718631194 -2.1719504369008824 1.1919420082092902 -1.3220466031836724 -0.9734258099558621 
